14 0.206 0.611111 0.136 0.657658
14 0.352 0.632132 0.128 0.627628
14 0.503 0.659159 0.122 0.585586
14 0.084 0.53003 0.1 0.399399
14 0.886 0.594595 0.068 0.186186
14 0.92 0.807808 0.12 0.306306
14 0.813 0.581081 0.09 0.189189
14 0.449 0.433934 0.066 0.171171
14 0.564 0.489489 0.06 0.192192
14 0.73 0.585586 0.072 0.27027
13 0.551 0.728228 0.318 0.387387
13 0.654 0.684685 0.212 0.39039
14 0.257 0.387387 0.082 0.228228
14 0.026 0.402402 0.048 0.132132
4 0.868 0.711712 0.02 0.054054
4 0.854 0.711712 0.016 0.066066
4 0.845 0.720721 0.018 0.06006
4 0.829 0.735736 0.018 0.096096