5 0.404 0.612 0.668 0.376
6 0.05 0.634667 0.044 0.085333
5 0.787 0.585333 0.118 0.184
5 0.915 0.610667 0.15 0.090667
14 0.66 0.824 0.072 0.202667
14 0.971 0.804 0.054 0.168
14 0.214 0.894667 0.064 0.210667
14 0.798 0.634667 0.024 0.08
14 0.179 0.494667 0.054 0.082667
14 0.355 0.521333 0.022 0.04
14 0.404 0.52 0.02 0.048
14 0.427 0.52 0.03 0.048
14 0.622 0.521333 0.032 0.045333
14 0.682 0.529333 0.024 0.029333
14 0.459 0.524 0.022 0.034667
14 0.509 0.521333 0.026 0.045333
14 0.584 0.524 0.028 0.045333
14 0.739 0.626667 0.018 0.08