15 0.903 0.332 0.182 0.290667
14 0.666 0.4 0.1 0.432
14 0.416 0.466667 0.116 0.213333
14 0.315 0.346667 0.082 0.416
14 0.371 0.381333 0.066 0.272
14 0.378 0.281333 0.072 0.253333
14 0.539 0.305333 0.058 0.216
14 0.159 0.294667 0.074 0.178667
14 0.084 0.345333 0.1 0.456
15 0.617 0.24 0.086 0.202667
8 0.17 0.328 0.072 0.122667
8 0.244 0.318667 0.072 0.104
14 0.463 0.265333 0.09 0.274667
14 0.756 0.312 0.08 0.277333
14 0.788 0.297333 0.032 0.162667
14 0.727 0.224 0.026 0.064
14 0.691 0.214667 0.066 0.114667
14 0.511 0.422667 0.126 0.264