16 0.856 0.489333 0.068 0.061333
16 0.402 0.534667 0.072 0.077333
16 0.466 0.6 0.108 0.128
16 0.702 0.613333 0.12 0.149333
16 0.765 0.630667 0.058 0.104
16 0.982 0.565333 0.036 0.117333
16 0.302 0.557333 0.052 0.064
16 0.292 0.449333 0.036 0.045333
16 0.255 0.442667 0.034 0.032
16 0.25 0.454667 0.028 0.024
16 0.216 0.446667 0.036 0.034667
16 0.185 0.449333 0.034 0.04
16 0.432 0.432 0.032 0.037333
16 0.497 0.432 0.042 0.042667
16 0.68 0.414667 0.04 0.045333
16 0.614 0.378667 0.024 0.021333
16 0.591 0.377333 0.022 0.024
16 0.023 0.470667 0.042 0.034667
16 0.021 0.441333 0.034 0.029333
16 0.833 0.618667 0.05 0.08
16 0.728 0.374667 0.028 0.024
16 0.795 0.393333 0.03 0.029333
16 0.132 0.624 0.096 0.112
16 0.59 0.618667 0.052 0.085333
16 0.517 0.678667 0.074 0.061333
16 0.623 0.534667 0.018 0.045333
16 0.161 0.522667 0.038 0.048
16 0.254 0.545333 0.048 0.04
16 0.221 0.556 0.022 0.024
16 0.23 0.589333 0.032 0.032
16 0.281 0.684 0.066 0.093333
16 0.369 0.646667 0.094 0.146667
16 0.51 0.522667 0.04 0.032
16 0.448 0.397333 0.02 0.021333
16 0.363 0.404 0.026 0.024
16 0.389 0.398667 0.018 0.018667
16 0.276 0.405333 0.024 0.021333
16 0.223 0.413333 0.022 0.021333
16 0.194 0.418667 0.016 0.016
16 0.108 0.426667 0.028 0.032
16 0.745 0.409333 0.014 0.034667
16 0.867 0.4 0.018 0.037333
16 0.811 0.358667 0.018 0.024
16 0.761 0.362667 0.022 0.026667
16 0.706 0.365333 0.02 0.021333
16 0.732 0.364 0.024 0.024
16 0.372 0.432 0.028 0.032
16 0.316 0.417333 0.024 0.029333
16 0.248 0.412 0.02 0.018667
16 0.161 0.485333 0.022 0.021333
16 0.057 0.425333 0.014 0.013333
16 0.086 0.421333 0.016 0.021333
16 0.086 0.446667 0.024 0.024
16 0.03 0.424 0.02 0.021333
16 0.48 0.457333 0.024 0.029333
16 0.874 0.598667 0.06 0.136