8 0.084 0.869333 0.164 0.261333
8 0.299 0.738667 0.174 0.298667
8 0.723 0.805333 0.174 0.346667
8 0.675 0.621333 0.122 0.213333
8 0.915 0.625333 0.138 0.232
8 0.967 0.661333 0.066 0.170667
10 0.464 0.814667 0.26 0.317333
14 0.985 0.592 0.03 0.106667
14 0.829 0.610667 0.174 0.293333
14 0.655 0.548 0.086 0.12
14 0.518 0.506667 0.084 0.309333
14 0.424 0.513333 0.084 0.290667
14 0.071 0.465333 0.094 0.312
14 0.151 0.472 0.098 0.304
14 0.073 0.802667 0.142 0.394667
14 0.684 0.729333 0.232 0.472
14 0.324 0.701333 0.168 0.352