14 0.166 0.413897 0.136 0.380665
14 0.271 0.297583 0.114 0.480363
14 0.315 0.277946 0.062 0.344411
14 0.38 0.238671 0.084 0.241692
14 0.38 0.122356 0.08 0.099698
14 0.418 0.203927 0.044 0.244713
14 0.443 0.23565 0.034 0.259819
14 0.541 0.283988 0.03 0.241692
14 0.485 0.265861 0.03 0.253776
14 0.499 0.309668 0.09 0.299094
14 0.58 0.335347 0.044 0.163142
14 0.623 0.345921 0.034 0.154079
14 0.646 0.299094 0.028 0.054381
14 0.564 0.29003 0.02 0.096677
14 0.663 0.326284 0.026 0.072508
3 0.501 0.425982 0.362 0.845921