1 0.715 0.596 0.258 0.2
1 0.388 0.588 0.192 0.178667
1 0.202 0.574667 0.144 0.152
1 0.049 0.574667 0.094 0.141333
14 0.716 0.505333 0.144 0.296
14 0.376 0.521333 0.112 0.28
14 0.189 0.521333 0.082 0.216
14 0.031 0.501333 0.058 0.16
14 0.946 0.449333 0.056 0.184
14 0.881 0.46 0.042 0.152
14 0.85 0.437333 0.036 0.170667
14 0.806 0.444 0.044 0.168
14 0.759 0.457333 0.042 0.104
14 0.629 0.46 0.03 0.157333
14 0.608 0.484 0.024 0.109333
14 0.464 0.452 0.044 0.141333
14 0.258 0.441333 0.028 0.12
14 0.228 0.408 0.024 0.053333
14 0.227 0.46 0.034 0.104
14 0.127 0.468 0.022 0.114667
14 0.106 0.468 0.024 0.114667
14 0.99 0.432 0.02 0.16