12 0.505333 0.556 0.082667 0.144
12 0.586667 0.548 0.090667 0.148
12 0.653333 0.525 0.074667 0.122
12 0.769333 0.566 0.109333 0.144
12 0.865333 0.549 0.114667 0.134
12 0.834667 0.443 0.096 0.106
12 0.721333 0.49 0.066667 0.124
12 0.664 0.453 0.085333 0.066
12 0.288 0.481 0.042667 0.13
12 0.348 0.532 0.088 0.152
12 0.037333 0.437 0.069333 0.13
14 0.036 0.376 0.061333 0.06
14 0.288 0.432 0.042667 0.08
14 0.346667 0.48 0.074667 0.08
14 0.509333 0.494 0.074667 0.084
14 0.592 0.484 0.064 0.056
14 0.657333 0.476 0.072 0.08
14 0.770667 0.507 0.106667 0.09
14 0.862667 0.496 0.082667 0.076
14 0.838667 0.402 0.088 0.092
14 0.68 0.417 0.053333 0.054
14 0.728 0.409 0.042667 0.038