19 0.184 0.698198 0.228 0.249249
19 0.588 0.665165 0.208 0.255255
19 0.438 0.570571 0.124 0.174174
19 0.193 0.54955 0.134 0.102102
19 0.182 0.489489 0.096 0.048048
19 0.175 0.454955 0.074 0.045045
19 0.293 0.466967 0.074 0.099099
19 0.359 0.516517 0.09 0.12012
19 0.553 0.468468 0.07 0.084084
19 0.659 0.487988 0.094 0.105105
19 0.802 0.518018 0.136 0.135135
19 0.902 0.465465 0.088 0.09009
19 0.943 0.506006 0.114 0.123123
19 0.661 0.43994 0.078 0.027027
19 0.761 0.453453 0.074 0.078078
8 0.173 0.899399 0.266 0.201201
8 0.626 0.873874 0.216 0.252252
8 0.869 0.717718 0.15 0.342342
19 0.552 0.408408 0.064 0.072072
19 0.598 0.421922 0.064 0.069069