0 0.541 0.870871 0.542 0.258258
0 0.571 0.475976 0.858 0.405405
0 0.175 0.63964 0.262 0.15015
0 0.565 0.124625 0.79 0.243243
0 0.341 0.294294 0.198 0.084084
0 0.739 0.346847 0.118 0.087087
0 0.861 0.337838 0.09 0.081081
0 0.917 0.369369 0.166 0.144144
0 0.887 0.183183 0.226 0.21021
0 0.461 0.33033 0.126 0.072072
0 0.585 0.33033 0.106 0.066066
0 0.79 0.75976 0.26 0.234234
0 0.819 0.654655 0.254 0.12012
0 0.562 0.223724 0.096 0.075075
0 0.699 0.213213 0.126 0.072072
0 0.832 0.244745 0.156 0.069069
0 0.136 0.471471 0.072 0.072072
14 0.954 0.831832 0.024 0.066066
14 0.969 0.84985 0.026 0.096096
14 0.955 0.947447 0.03 0.105105
14 0.929 0.95045 0.034 0.099099
14 0.909 0.966967 0.022 0.066066