14 0.532 0.805333 0.056 0.229333
14 0.417 0.837333 0.066 0.229333
14 0.207 0.62 0.034 0.130667
14 0.12 0.589333 0.036 0.106667
14 0.054 0.662667 0.052 0.072
14 0.347 0.689333 0.038 0.146667
14 0.44 0.677333 0.048 0.154667
14 0.46 0.664 0.04 0.122667
14 0.679 0.625333 0.038 0.12
14 0.05 0.6 0.04 0.090667
14 0.375 0.473333 0.018 0.050667
14 0.394 0.466667 0.016 0.053333
14 0.423 0.485333 0.018 0.064
14 0.688 0.486667 0.02 0.066667
14 0.704 0.498667 0.02 0.058667
14 0.745 0.494667 0.022 0.061333
14 0.891 0.493333 0.018 0.058667