8 0.925 0.414667 0.05 0.061333
8 0.922 0.424 0.032 0.048
8 0.962 0.56 0.076 0.250667
8 0.824 0.48 0.048 0.090667
8 0.921 0.616 0.102 0.261333
8 0.975 0.569333 0.05 0.045333
8 0.821 0.681333 0.17 0.322667
8 0.864 0.812 0.228 0.376
8 0.711 0.686667 0.13 0.354667
8 0.722 0.762667 0.136 0.341333
8 0.88 0.818667 0.24 0.362667
8 0.74 0.937333 0.06 0.125333
8 0.492 0.988 0.176 0.024
8 0.076 0.988 0.108 0.024
10 0.961 0.502667 0.078 0.194667
10 0.916 0.574667 0.168 0.258667
10 0.811 0.736 0.294 0.394667
10 0.366 0.858667 0.48 0.282667
14 0.567 0.713333 0.282 0.573333
8 0.684 0.693333 0.024 0.08
14 0.47 0.385333 0.128 0.402667