4 0.211 0.942667 0.038 0.114667
4 0.186 0.944 0.06 0.112
4 0.084 0.926667 0.056 0.146667
4 0.028 0.950667 0.032 0.098667
17 0.738 0.844 0.524 0.312
14 0.512 0.690667 0.332 0.565333
14 0.717 0.793333 0.262 0.413333
14 0.541 0.770667 0.262 0.458667
14 0.143 0.644 0.246 0.68
14 0.225 0.638667 0.202 0.584
14 0.357 0.374667 0.07 0.130667
14 0.671 0.488 0.17 0.368
14 0.679 0.354667 0.114 0.250667
14 0.351 0.652 0.226 0.658667
14 0.316 0.301333 0.072 0.122667
14 0.446 0.356 0.06 0.2
14 0.564 0.409333 0.148 0.317333
14 0.595 0.305333 0.034 0.093333