11 0.688 0.589 0.192 0.342
14 0.613333 0.317 0.293333 0.518
15 0.150667 0.873 0.296 0.254
15 0.850667 0.586 0.138667 0.104
15 0.96 0.556 0.08 0.116
15 0.274667 0.619 0.165333 0.098
15 0.310667 0.543 0.125333 0.102
15 0.357333 0.445 0.122667 0.146
15 0.410667 0.347 0.101333 0.062
15 0.418667 0.278 0.117333 0.092
15 0.430667 0.206 0.093333 0.084
15 0.764 0.372 0.104 0.096
15 0.081333 0.921 0.157333 0.158
15 0.781333 0.304 0.058667 0.072
15 0.489333 0.093 0.168 0.182
15 0.330667 0.127 0.090667 0.106
15 0.86 0.5 0.184 0.3
11 0.376 0.59 0.421333 0.512