0 0.488 0.437333 0.972 0.688
14 0.791 0.712 0.042 0.165333
14 0.675 0.718667 0.034 0.130667
14 0.729 0.716 0.046 0.157333
14 0.736 0.705333 0.048 0.136
14 0.967 0.661333 0.014 0.048
14 0.949 0.657333 0.014 0.056
14 0.939 0.656 0.014 0.048
14 0.919 0.654667 0.018 0.050667
14 0.927 0.658667 0.01 0.048
14 0.884 0.653333 0.012 0.042667
14 0.876 0.653333 0.012 0.042667
14 0.858 0.656 0.012 0.037333
14 0.83 0.657333 0.012 0.045333
14 0.838 0.652 0.012 0.04
14 0.843 0.653333 0.006 0.032
14 0.848 0.652 0.008 0.04
14 0.771 0.646667 0.014 0.04
14 0.756 0.644 0.012 0.034667