10 0.548 0.702667 0.42 0.594667
14 0.799 0.789333 0.254 0.421333
8 0.956 0.924 0.088 0.152
8 0.18 0.84 0.06 0.32
14 0.307 0.576 0.154 0.309333
14 0.145 0.565333 0.122 0.517333
14 0.382 0.556 0.116 0.296
14 0.692 0.665333 0.212 0.397333
14 0.649 0.533333 0.146 0.202667
14 0.649 0.461333 0.05 0.16
14 0.418 0.462667 0.068 0.157333
14 0.618 0.481333 0.052 0.173333
14 0.404 0.362667 0.06 0.101333
14 0.612 0.38 0.036 0.045333
14 0.592 0.401333 0.036 0.130667
14 0.564 0.376 0.02 0.090667
8 0.93 0.846667 0.08 0.306667
14 0.466 0.384 0.02 0.042667
14 0.443 0.378667 0.034 0.032
14 0.353 0.766667 0.302 0.466667
15 0.143 0.544 0.162 0.330667