10 0.042 0.82377 0.08 0.13388
8 0.069 0.862022 0.126 0.275956
8 0.945 0.939891 0.11 0.120219
8 0.954 0.819672 0.092 0.153005
10 0.901 0.825137 0.194 0.26776
8 0.781 0.812842 0.106 0.286885
8 0.614 0.710383 0.072 0.076503
8 0.673 0.856557 0.138 0.286885
8 0.456 0.838798 0.08 0.295082
8 0.539 0.871585 0.146 0.256831
10 0.591 0.846995 0.262 0.306011
8 0.235 0.572404 0.046 0.106557
8 0.307 0.602459 0.074 0.139344
14 0.326 0.550546 0.072 0.166667
14 0.342 0.506831 0.036 0.079235
14 0.624 0.460383 0.048 0.079235
14 0.712 0.469945 0.052 0.054645