10 0.525 0.668 0.406 0.269333
8 0.474 0.9 0.244 0.2
14 0.705 0.725333 0.318 0.357333
8 0.71 0.857333 0.232 0.285333
14 0.877 0.6 0.106 0.256
8 0.89 0.738667 0.072 0.277333
8 0.271 0.832 0.202 0.330667
14 0.306 0.642667 0.316 0.352
14 0.506 0.464 0.08 0.138667
14 0.682 0.533333 0.112 0.186667
14 0.245 0.546667 0.114 0.208
14 0.36 0.489333 0.096 0.141333
14 0.649 0.497333 0.102 0.157333
4 0.44 0.568 0.02 0.090667
4 0.35 0.525333 0.02 0.069333
14 0.289 0.538667 0.138 0.224
8 0.153 0.616 0.042 0.208