19 0.048 0.445333 0.04 0.069333
19 0.137 0.44 0.054 0.069333
8 0.161 0.565333 0.094 0.170667
8 0.27 0.537333 0.084 0.146667
14 0.237 0.430667 0.046 0.093333
14 0.267 0.454667 0.082 0.136
14 0.386 0.445333 0.1 0.096
14 0.391 0.556 0.11 0.264
8 0.38 0.632 0.108 0.224
19 0.565 0.473333 0.066 0.077333
19 0.506 0.464 0.032 0.085333
19 0.721 0.473333 0.078 0.093333
14 0.746 0.597333 0.144 0.325333
8 0.796 0.690667 0.152 0.314667
14 0.885 0.565333 0.134 0.325333
8 0.932 0.625333 0.108 0.226667
14 0.771 0.416 0.046 0.069333
14 0.143 0.498667 0.058 0.197333