14 0.296 0.555385 0.064 0.230769
14 0.344 0.561538 0.072 0.286154
14 0.403 0.56 0.082 0.270769
14 0.459 0.556923 0.074 0.289231
14 0.516 0.546154 0.08 0.28
14 0.573 0.535385 0.062 0.276923
14 0.621 0.553846 0.102 0.295385
14 0.734 0.66 0.14 0.636923
14 0.646 0.790769 0.132 0.326154
14 0.563 0.758462 0.134 0.341538
14 0.474 0.761538 0.12 0.323077
14 0.417 0.769231 0.082 0.289231
14 0.353 0.766154 0.102 0.301538
14 0.308 0.763077 0.068 0.289231
14 0.238 0.786154 0.116 0.316923
14 0.225 0.664615 0.114 0.516923
14 0.839 0.072308 0.018 0.064615
14 0.992 0.578462 0.016 0.135385