10 0.524 0.389333 0.1 0.090667
8 0.353 0.409333 0.038 0.082667
8 0.384 0.416 0.04 0.085333
8 0.415 0.492 0.126 0.178667
8 0.405 0.585333 0.154 0.290667
10 0.457 0.389333 0.106 0.021333
10 0.47 0.490667 0.12 0.186667
10 0.5 0.541333 0.152 0.224
10 0.543 0.593333 0.174 0.269333
10 0.201 0.489333 0.106 0.178667
10 0.196 0.524 0.116 0.205333
10 0.1 0.792 0.196 0.416
10 0.066 0.888 0.128 0.224
10 0.845 0.889333 0.31 0.221333
10 0.796 0.810667 0.408 0.378667
10 0.669 0.738667 0.294 0.4
8 0.506 0.832 0.308 0.336
15 0.679 0.26 0.122 0.162667
15 0.197 0.365333 0.146 0.378667