1 0.902 0.522523 0.172 0.186186
1 0.701 0.536036 0.206 0.183183
1 0.495 0.539039 0.17 0.219219
1 0.255 0.542042 0.15 0.153153
1 0.272 0.59009 0.164 0.195195
1 0.412 0.725225 0.228 0.267267
1 0.177 0.663664 0.106 0.216216
14 0.748 0.566066 0.092 0.201201
14 0.642 0.575075 0.104 0.195195
14 0.34 0.48048 0.092 0.378378
14 0.365 0.623123 0.142 0.471471
14 0.132 0.363363 0.028 0.072072
14 0.061 0.396396 0.042 0.132132
14 0.032 0.533033 0.06 0.459459
1 0.261 0.588589 0.142 0.186186
1 0.165 0.59009 0.078 0.183183
1 0.171 0.659159 0.102 0.231231
14 0.062 0.343844 0.032 0.075075
14 0.011 0.339339 0.018 0.072072