15 0.431 0.458667 0.082 0.133333
15 0.274 0.481333 0.084 0.12
8 0.232 0.509333 0.072 0.117333
8 0.331 0.501333 0.078 0.154667
8 0.258 0.517333 0.056 0.133333
8 0.38 0.506667 0.056 0.106667
8 0.479 0.550667 0.062 0.173333
8 0.55 0.561333 0.072 0.168
8 0.449 0.594667 0.082 0.181333
8 0.372 0.566667 0.084 0.162667
8 0.403 0.62 0.102 0.210667
8 0.664 0.664 0.124 0.224
8 0.627 0.533333 0.054 0.144
8 0.703 0.490667 0.066 0.069333
8 0.692 0.581333 0.084 0.181333
8 0.749 0.572 0.078 0.157333
8 0.558 0.465333 0.028 0.056
8 0.52 0.469333 0.044 0.069333
8 0.89 0.498667 0.044 0.106667
8 0.824 0.508 0.052 0.12
8 0.791 0.498667 0.05 0.106667