4 0.568 0.608289 0.208 0.216578
14 0.369 0.592246 0.594 0.815508
14 0.722 0.597594 0.3 0.601604
4 0.398 0.112299 0.028 0.122995
4 0.372 0.108289 0.024 0.125668
4 0.343 0.109626 0.026 0.122995
4 0.314 0.102941 0.028 0.120321
4 0.284 0.101604 0.024 0.122995
4 0.258 0.100267 0.028 0.131016
4 0.226 0.096257 0.036 0.13369
4 0.197 0.096257 0.03 0.13369
4 0.166 0.090909 0.028 0.128342
4 0.134 0.093583 0.028 0.128342
4 0.086 0.088235 0.036 0.128342
4 0.052 0.086898 0.032 0.125668
4 0.015 0.090909 0.026 0.122995
4 0.286 0.235294 0.02 0.069519
4 0.257 0.258021 0.022 0.125668
4 0.228 0.256684 0.028 0.13369
4 0.198 0.258021 0.028 0.125668
4 0.169 0.251337 0.034 0.144385
4 0.137 0.248663 0.034 0.149733
4 0.089 0.247326 0.03 0.152406
4 0.056 0.254011 0.032 0.139037
4 0.062 0.367647 0.028 0.045455
4 0.089 0.371658 0.03 0.042781
4 0.134 0.377005 0.028 0.042781
4 0.158 0.367647 0.028 0.045455
4 0.182 0.370321 0.028 0.045455
4 0.208 0.370321 0.032 0.045455
4 0.236 0.370321 0.032 0.045455
4 0.067 0.450535 0.034 0.05615
4 0.085 0.528075 0.034 0.066845
10 0.608 0.906417 0.784 0.187166
4 0.054 0.733957 0.044 0.125668
4 0.024 0.794118 0.044 0.090909
4 0.143 0.43984 0.034 0.066845
14 0.027 0.485294 0.05 0.558824