15 0.787 0.341333 0.262 0.394667
8 0.704 0.805333 0.24 0.389333
14 0.636 0.513333 0.176 0.28
14 0.347 0.681333 0.222 0.6
14 0.169 0.432 0.082 0.266667
14 0.204 0.405333 0.024 0.048
14 0.236 0.445333 0.048 0.117333
14 0.273 0.417333 0.046 0.050667
14 0.321 0.410667 0.034 0.053333
14 0.405 0.428 0.038 0.093333
14 0.437 0.416 0.022 0.037333
14 0.467 0.429333 0.038 0.069333
14 0.547 0.424 0.058 0.090667
8 0.281 0.782667 0.274 0.434667
8 0.948 0.829333 0.104 0.341333
8 0.965 0.586667 0.07 0.144
8 0.776 0.576 0.112 0.138667
8 0.05 0.510667 0.052 0.141333
8 0.106 0.5 0.052 0.130667
8 0.23 0.497333 0.056 0.114667
8 0.413 0.465333 0.026 0.077333
4 0.54 0.538667 0.04 0.16
4 0.494 0.488 0.02 0.064