12 0.934 0.574667 0.132 0.189333
12 0.729 0.573333 0.274 0.293333
12 0.31 0.637333 0.132 0.384
12 0.11 0.545333 0.088 0.136
12 0.407 0.514667 0.086 0.090667
12 0.5 0.514667 0.068 0.08
12 0.466 0.602667 0.148 0.149333
12 0.456 0.514667 0.08 0.096
14 0.026 0.557333 0.048 0.170667
14 0.307 0.444 0.13 0.344
14 0.458 0.578667 0.044 0.229333
14 0.981 0.476 0.038 0.221333
14 0.702 0.469333 0.06 0.24
14 0.112 0.513333 0.044 0.12
14 0.413 0.490667 0.038 0.101333
14 0.493 0.493333 0.03 0.117333
14 0.749 0.424 0.038 0.064
14 0.777 0.413333 0.026 0.053333